$ANSIBLE_VAULT;1.1;AES256
33633630353133336132346564376433316437376561663061346463643935393765633162643135
3663653739663436356163373862633463653133316634360a366164333264363634663930346330
35366666363964313130343737343833303830646534656339316334313838393730653766366433
6339333866643231350a616630326239383832376162653663653462376538623533663039623539
37656162643262366665363763633965343265373437376531383762363661343839613636386436
36356435316265343934626662643266313831373737376137633734323363343463356236623739
62326538343362303439633439633533393961666537623732613534616464623039306338386265
64353832316362613734353137663137613534633937653234333733303839613439633163623866
34363234633436623639643261323938323766613966653762336534353232356365653730343364
36303566306134313139646565303230666366643633646131306263386335386632396438613131
64616364316236623735663265366539643133636531326236333631323462623331623963616330
62333866376165633834626438383933643430653835646462313230373364373837303431613336
63353934613362326561313235633837356665636338646566366133303737623862
